1000 1500
91 233
478 942
51 495
156 37
269 60
32 781
146 603
853 53
819 71
873 442
485 518
133 425
534 209
671 28
652 516
753 832
349 693
328 444
799 574
522 618
516 650
902 886
143 790
903 134
21 654
455 715
952 904
392 725
369 138
756 317
657 698
147 954
668 133
733 609
469 425
814 408
368 370
651 438
131 882
358 539
528 9
914 672
78 629
464 318
410 809
459 148
916 172
633 138
985 367
552 536
780 590
699 882
538 352
396 273
94 910
556 182
202 495
966 750
77 9
28 226
654 458
187 497
548 934
225 38
17 614
852 264
304 4
578 595
663 218
988 726
608 854
1000 757
275 45
855 377
936 699
250 743
711 376
837 847
571 828
469 134
432 431
659 228
506 86
284 258
895 343
632 32
842 427
911 346
232 342
567 194
274 383
110 575
322 271
846 93
515 586
31 270
966 2
616 886
238 30
997 783
271 680
603 630
927 438
369 870
355 181
147 83
31 565
93 743
273 60
9 390
176 856
361 897
961 310
155 304
899 673
714 982
476 541
276 751
166 278
918 866
361 970
180 344
303 142
181 964
858 668
556 799
143 340
329 439
102 193
310 860
377 690
172 469
928 309
777 588
640 165
654 91
847 260
931 936
143 929
810 227
516 186
808 347
742 957
461 365
164 368
912 797
559 890
61 179
803 481
333 281
475 871
968 757
888 818
793 261
409 926
359 459
659 832
202 715
138 575
378 235
11 489
257 962
336 318
623 774
672 149
333 99
273 35
130 849
784 858
126 220
695 864
214 654
329 224
55 495
273 109
950 769
450 350
999 798
600 130
591 65
496 412
363 944
626 127
235 850
102 728
928 285
364 225
101 696
655 544
689 715
371 698
155 804
275 721
620 656
658 613
388 411
397 713
299 305
119 61
60 395
642 21
974 738
677 106
204 477
859 632
139 963
625 46
443 436
739 518
684 657
466 745
292 965
818 815
369 831
394 854
357 113
328 909
838 775
523 601
10 71
89 569
972 990
80 838
128 194
105 635
777 762
946 279
771 155
617 773
849 993
902 102
747 25
609 50
543 482
771 500
927 414
539 956
744 221
673 839
644 184
441 806
453 35
438 883
736 693
95 584
322 3
4 967
136 521
586 987
478 523
126 520
500 150
751 38
48 527
305 413
981 43
559 834
264 408
866 574
986 736
77 646
708 393
85 233
16 159
402 31
509 500
116 932
90 800
355 920
351 346
244 802
219 12
925 244
234 810
58 202
862 859
227 947
386 132
692 698
410 280
449 973
549 588
2 51
748 398
303 212
135 21
895 737
274 282
124 4
705 608
467 261
358 588
206 34
789 625
625 755
232 47
322 367
270 900
708 294
48 154
413 236
872 687
913 413
459 500
590 284
367 701
592 383
571 824
795 455
203 1
806 470
589 426
47 610
375 883
663 818
652 370
692 224
129 91
102 884
396 598
491 904
727 563
616 572
441 794
30 989
581 557
632 682
956 769
766 432
833 217
892 95
29 888
873 215
650 899
659 45
265 838
343 233
490 329
404 382
48 434
835 254
724 21
653 364
304 845
464 253
130 797
856 600
84 656
580 933
991 225
443 841
621 555
171 928
70 97
373 241
851 346
346 768
255 609
486 408
472 816
538 307
491 534
501 245
682 14
433 519
759 515
11 77
147 229
175 660
871 391
376 858
417 184
309 637
489 231
474 550
271 667
309 397
6 538
175 399
534 482
624 765
202 668
476 360
553 3
372 810
301 257
648 775
610 756
531 249
191 370
291 274
42 638
470 511
105 442
906 469
101 112
151 879
724 600
894 297
720 489
291 780
118 387
661 58
499 814
516 834
18 673
276 124
281 873
799 259
402 697
583 21
352 76
368 135
854 967
328 851
853 139
988 259
567 887
110 815
40 505
464 563
656 782
371 249
579 330
534 472
891 868
851 106
287 36
87 993
932 352
735 721
199 726
23 163
245 494
356 409
894 628
89 888
360 669
873 995
311 657
69 409
903 187
33 136
410 753
164 988
324 939
227 278
175 276
698 959
442 270
276 253
330 716
824 520
931 372
874 503
358 221
441 59
131 86
503 866
495 811
565 242
706 275
469 382
130 919
546 821
725 73
791 887
642 740
68 946
316 993
249 950
32 690
824 992
262 323
845 911
535 317
783 580
350 638
72 820
842 346
352 782
476 240
841 724
911 835
953 20
860 143
30 603
242 264
418 918
634 308
700 142
839 71
521 748
764 336
98 946
664 718
706 376
701 772
998 315
690 549
531 652
928 70
640 931
556 603
28 138
693 671
939 475
131 95
105 954
198 160
442 570
629 703
794 40
727 306
841 955
888 417
176 565
27 257
968 233
323 834
585 549
465 151
133 789
618 620
699 841
778 411
288 598
98 114
478 579
476 752
632 142
5 265
518 255
936 816
426 628
949 66
601 1000
286 647
406 534
256 378
924 505
912 26
744 939
186 64
42 190
914 598
240 564
913 948
853 717
29 108
110 877
505 8
379 977
759 519
402 719
550 686
641 113
414 404
483 290
841 354
300 158
26 193
481 206
583 823
499 805
579 653
399 557
756 326
685 906
174 828
425 620
175 572
476 168
792 135
999 379
397 648
648 284
218 149
296 190
797 542
408 262
449 43
499 58
207 879
680 885
388 344
373 368
341 479
139 796
90 34
245 42
322 315
823 382
519 493
258 465
402 32
927 867
967 712
449 547
501 483
690 865
602 628
853 339
683 113
173 715
519 699
922 201
41 62
254 62
582 535
876 658
697 953
957 917
790 640
836 113
475 757
98 162
666 698
91 330
290 214
61 896
125 505
407 326
287 385
871 512
161 515
500 643
17 637
288 128
332 458
47 250
441 386
891 489
610 372
99 553
534 635
915 560
911 269
894 152
520 154
102 492
193 719
971 942
51 969
691 236
429 234
721 354
36 197
225 850
232 642
959 672
849 86
593 700
278 713
316 811
520 217
805 224
793 536
313 874
736 220
300 394
752 22
969 856
107 497
997 686
192 523
289 508
950 375
893 206
859 366
596 460
94 215
417 495
908 848
587 708
85 328
479 767
1000 247
818 298
446 306
219 634
850 666
102 82
1000 176
856 257
515 504
924 678
334 542
676 885
168 65
365 604
387 793
355 326
160 880
263 910
259 405
295 183
351 287
296 837
361 658
876 314
741 219
293 987
527 220
481 80
438 913
900 737
192 624
878 388
860 228
312 131
378 946
770 123
606 60
198 304
978 758
190 395
234 634
288 98
18 853
412 922
655 980
183 905
11 503
500 522
872 776
286 111
634 826
243 864
756 789
936 387
458 835
812 944
943 521
392 319
600 26
218 668
142 284
736 991
412 76
800 265
757 736
515 478
251 570
496 591
172 444
815 759
353 640
296 901
780 806
207 1
372 788
327 883
783 144
186 189
253 746
406 590
224 446
534 78
173 465
506 249
156 197
695 600
994 975
296 980
290 894
373 511
924 938
872 737
884 475
181 247
859 950
620 694
897 315
760 568
373 419
861 102
323 560
388 673
296 96
894 877
491 857
463 597
72 430
466 944
137 186
504 218
839 202
768 16
255 144
238 872
22 698
138 371
14 986
966 770
167 903
811 157
426 641
19 37
259 142
376 800
624 690
152 179
501 811
192 669
299 844
497 544
404 157
817 782
742 894
848 67
144 518
221 911
568 657
624 674
376 174
783 867
928 864
29 959
781 837
17 634
975 632
234 904
110 641
63 379
779 9
927 233
637 365
166 62
328 466
450 268
245 136
231 875
807 786
106 282
38 150
146 823
514 887
383 37
719 411
817 925
447 4
160 94
555 804
22 967
352 93
258 749
676 891
905 607
401 760
27 692
150 416
353 184
214 797
750 989
233 70
640 787
22 762
472 413
616 105
623 114
612 857
590 647
301 450
778 148
261 268
991 404
941 287
360 946
489 256
472 789
464 561
397 339
218 735
360 826
423 790
550 179
112 831
200 302
385 159
942 693
240 972
85 868
635 592
318 338
508 873
999 805
308 409
215 23
874 41
754 300
875 428
391 177
395 502
986 514
683 150
786 956
887 607
656 760
589 446
319 75
112 264
790 899
319 456
23 432
301 510
53 145
912 651
846 375
685 147
684 227
866 453
209 63
851 355
90 194
360 807
832 238
739 430
624 777
885 845
157 802
649 209
828 779
789 230
708 418
451 404
137 244
3 394
541 50
246 427
784 107
625 372
436 205
122 515
258 342
946 909
58 563
791 657
311 419
649 712
853 445
712 796
309 200
721 154
559 606
612 493
648 66
839 293
512 62
778 126
840 975
317 983
771 480
82 494
220 352
810 105
62 565
134 472
93 563
754 915
470 304
845 243
345 897
587 902
854 939
700 171
892 91
826 238
507 87
162 269
296 143
930 139
931 663
367 604
646 61
834 170
227 427
575 341
565 227
761 990
117 574
770 636
63 936
654 365
148 421
924 750
149 189
33 211
119 974
726 890
675 506
462 453
142 423
72 333
376 154
449 981
901 845
360 629
357 384
442 387
782 835
932 956
425 2
867 450
195 499
220 129
519 304
176 437
449 55
658 551
454 945
958 555
321 688
250 848
359 115
524 994
418 646
400 600
85 832
904 474
587 360
395 43
394 508
438 279
397 35
515 397
376 70
283 385
581 833
370 67
8 843
770 71
321 432
500 984
687 252
387 923
941 54
109 264
623 681
611 864
846 328
602 113
368 707
327 497
869 968
587 398
708 865
398 933
807 785
132 337
573 412
738 442
878 194
533 228
114 934
8 855
620 278
983 868
95 832
233 79
89 243
23 161
200 17
638 287
22 351
661 402
623 652
189 314
421 968
251 293
307 297
251 57
198 857
558 539
751 288
602 105
701 319
1000 672
191 329
732 835
419 327
65 919
718 981
770 463
780 40
673 86
912 350
123 225
332 548
913 395
152 441
700 564
413 33
913 633
536 447
326 948
11 363
41 233
342 680
167 683
22 449
517 236
935 709
908 79
472 738
756 435
780 187
132 774
213 514
436 72
523 332
131 334
243 129
336 905
510 107
41 503
294 314
906 555
611 388
961 427
670 369
52 733
634 444
890 163
450 66
735 616
869 173
24 542
321 167
437 64
231 130
337 138
282 731
129 813
524 505
922 547
57 312
310 95
975 923
72 170
499 392
788 728
826 995
917 425
679 34
662 896
989 220
197 487
138 776
192 493
521 306
907 870
751 771
687 508
57 886
589 930
22 117
558 530
851 782
412 89
396 882
409 15
513 439
203 505
866 792
337 23
151 607
646 469
890 75
643 23
914 978
362 444
674 865
932 296
460 793
518 556
350 770
897 259
926 18
535 130
524 303
951 445
130 791
843 544
274 1
784 496
985 32
316 863
573 906
191 53
456 732
223 531
415 366
512 384
212 467
108 883
861 491
676 526
157 670
756 427
810 180
493 718
553 327
567 324
248 737
841 68
241 413
879 964
257 23
140 447
570 350
860 390
803 221
214 740
423 206
273 788
20 775
567 91
46 41
206 245
189 795
196 305
649 386
205 252
885 210
454 231
304 132
871 703
731 138
630 516
734 207
97 269
854 246
999 761
647 526
425 556
403 733
837 459
41 678
197 857
910 189
347 141
866 475
532 61
21 569
738 218
741 787
367 923
76 495
106 972
17 533
861 360
2 788
818 557
657 713
62 131
702 559
555 583
656 655
863 21
344 757
953 287
247 435
236 520
494 857
861 345
499 456
101 185
572 901
625 677
816 783
847 7
161 67
338 426
605 44
748 519
428 328
287 248
938 440
31 382
822 633
911 627
38 216
330 33
580 282
808 671
103 839
324 34
612 840
423 560
585 186
403 278
602 518
558 913
369 712
918 334
103 871
876 521
426 272
510 411
140 332
784 815
743 829
46 911
510 789
168 125
903 288
259 902
601 345
461 614
469 819
690 927
104 27
851 718
154 308
227 756
17 569
688 456
14 470
860 405
341 807
84 374
376 631
967 330
958 324
667 228
800 960
588 188
915 140
775 10
527 797
24 640
162 329
673 93
718 190
411 610
192 132
479 700
253 707
16 177
22 977
666 95
997 124
492 708
266 207
514 599
294 190
883 753
840 101
193 391
423 919
249 88
50 998
782 118
691 721
66 67
185 301
20 922
885 671
879 693
315 255
852 544
221 898
199 485
548 256
808 722
426 903
775 834
349 473
382 291
197 896
621 802
137 392
860 674
573 130
29 236
421 612
892 698
872 609
831 548
339 601
106 576
452 477
36 269
927 377
682 577
446 750
543 659
252 747
295 9
556 359
292 103
190 201
699 467
486 311
788 34
102 2
670 300
981 48
978 108
969 963
73 28
978 642
369 669
267 170
315 452
173 807
292 822
581 829
242 444
299 762
974 496
501 695
751 579
49 91
90 579
770 266
822 342
914 528
257 510
290 804
376 510
220 287
225 385
740 274
145 250
457 233
468 698
632 85
216 74
832 629
729 534
907 101
944 409
939 424
484 493
303 371
468 263
390 852
779 351
18 392
584 862
639 86
169 331
338 539
633 920
391 618
643 551
800 900
920 815
510 665
363 621
700 629
915 80
683 920
818 164
459 72
801 824
902 2
501 674
278 971
419 73
126 657
423 367
584 713
472 229
415 556
687 227
121 329
762 464
498 423
889 365
808 889
926 240
987 559
956 677
19 214
412 216
924 524
903 415
989 571
289 184
710 398
43 38
363 995
76 114
380 284
57 517
348 431
701 897
586 107
11 146
948 799
671 188
992 646
455 352
416 710
692 172
493 259
386 989
