100 200
25 31
61 60
38 78
65 24
51 56
87 4
66 77
49 95
25 49
88 32
15 32
95 2
34 1
78 16
51 13
40 22
64 74
22 86
12 15
84 92
76 28
5 39
53 96
33 8
60 93
30 29
22 99
47 42
99 30
12 97
93 68
5 23
9 56
86 23
40 89
84 49
90 45
69 45
62 84
50 1
21 68
94 4
33 72
13 30
21 58
68 78
74 89
88 55
98 93
42 82
25 80
82 79
17 44
23 54
34 25
51 86
62 88
68 46
72 24
77 78
36 97
67 92
5 99
79 97
40 7
10 9
19 98
74 2
74 38
14 96
61 41
38 10
56 52
6 73
94 8
43 29
97 21
2 97
74 39
66 75
73 24
44 58
18 52
20 44
79 84
72 9
71 42
59 25
57 36
27 78
43 9
94 34
75 27
21 59
86 74
96 68
69 39
78 13
65 13
35 44
23 2
26 57
26 91
53 75
73 46
97 87
68 91
58 97
50 38
94 84
10 35
7 49
30 31
43 4
48 59
91 81
58 99
13 82
58 69
13 20
16 92
83 87
75 98
35 83
77 23
85 41
2 82
64 22
97 35
36 58
50 37
98 70
23 95
58 2
91 41
59 56
77 73
27 5
89 13
99 86
19 82
40 17
86 11
87 3
18 93
37 84
86 90
10 15
11 78
18 33
28 52
60 18
28 13
4 5
14 73
5 94
48 100
48 29
8 82
91 44
2 88
27 28
73 50
6 70
80 34
31 82
83 85
97 95
100 68
85 54
100 14
87 78
45 64
80 61
54 19
4 80
69 59
23 48
9 50
25 54
4 63
97 92
27 48
84 45
72 47
61 16
12 75
15 30
75 83
62 68
54 18
67 56
28 14
55 39
53 79
57 70
88 33
6 56
87 64
67 84
